#JOSM PicLayer plugin calibration data
#Sun Apr 28 22:01:40 CEST 2024
INITIAL_SCALE=37.83065104787565
M00=0.17021932874688178
M01=0.0
M02=-1719.036384150574
M10=0.0
M11=0.17021932874688178
M12=524.8158325370066
POSITION_X=980171.4338013427
POSITION_Y=6800893.490685682
